{
  "advancedEditorSelectedIdentifier" : "ProjectBrowser",
  "openSceneRelativePaths" : [
    "Immersive.usda",
    "Cube.usda"
  ],
  "recentIdentifiers" : {
    "C6A7F375-BFE9-46E0-9EA6-1A6B150F43FD" : [

    ]
  },
  "sceneCameraHistory" : {
    "C6A7F375-BFE9-46E0-9EA6-1A6B150F43FD" : [
      {
        "date" : 780916992.340129,
        "title" : "Untitled",
        "transform" : [
          0.44524878,
          -2.3792348e-09,
          0.8954069,
          0,
          0.18506828,
          0.97840726,
          -0.09202679,
          0,
          -0.8760726,
          0.20668618,
          0.43563464,
          0,
          -3.789344,
          2.0866606,
          1.8971926,
          1
        ]
      },
      {
        "date" : 780916973.157504,
        "title" : "Untitled",
        "transform" : [
          0.99999815,
          -2.1523967e-09,
          0.001942879,
          0,
          0.0004299442,
          0.9752072,
          -0.22129342,
          0,
          -0.0018947033,
          0.22129379,
          0.9752053,
          0,
          0.0033866276,
          2.1497965,
          4.206065,
          1
        ]
      },
      {
        "date" : 780916968.738692,
        "title" : "Untitled",
        "transform" : [
          0.9993225,
          -2.1186901e-09,
          -0.03680453,
          0,
          -0.018406343,
          0.86596143,
          -0.49977186,
          0,
          0.03187131,
          0.5001107,
          0.86537474,
          0,
          -0.12362462,
          2.4701197,
          -0.8199568,
          1
        ]
      },
      {
        "date" : 780916956.089083,
        "title" : "Untitled",
        "transform" : [
          0.9975869,
          -2.1161592e-09,
          0.069428295,
          0,
          0.034671403,
          0.8663805,
          -0.49817932,
          0,
          -0.060151324,
          0.49938434,
          0.8642899,
          0,
          -0.20533063,
          1.4392827,
          1.5695431,
          1
        ]
      },
      {
        "date" : 780916933.337207,
        "title" : "Untitled",
        "transform" : [
          0.9975869,
          -2.1161592e-09,
          0.069428295,
          0,
          0.034671403,
          0.8663805,
          -0.49817932,
          0,
          -0.060151324,
          0.49938434,
          0.8642899,
          0,
          -0.6457599,
          4.5265093,
          4.9361753,
          1
        ]
      },
      {
        "date" : 780916931.121937,
        "title" : "Untitled",
        "transform" : [
          0.9975869,
          -2.1161592e-09,
          0.069428295,
          0,
          0.034671403,
          0.8663805,
          -0.49817932,
          0,
          -0.060151324,
          0.49938434,
          0.8642899,
          0,
          -0.4320693,
          3.879219,
          5.3250504,
          1
        ]
      },
      {
        "date" : 780916924.839604,
        "title" : "Untitled",
        "transform" : [
          0.9975869,
          -1.915268e-10,
          0.069428295,
          0,
          0.034671407,
          0.8663805,
          -0.49817932,
          0,
          -0.060151324,
          0.49938434,
          0.8642899,
          0,
          -5.1901217,
          49.12166,
          74.57167,
          1
        ]
      },
      {
        "date" : 780916922.587788,
        "title" : "Untitled",
        "transform" : [
          0.9975869,
          7.5564055e-10,
          0.0694283,
          0,
          0.022921579,
          0.94392943,
          -0.3293508,
          0,
          -0.06553541,
          0.33014748,
          0.9416517,
          0,
          -0.21933903,
          1.8918201,
          0.46111155,
          1
        ]
      },
      {
        "date" : 780916821.49344,
        "title" : "Untitled",
        "transform" : [
          0.9984955,
          -8.201345e-11,
          0.054833826,
          0,
          0.029207274,
          0.8463353,
          -0.5318494,
          0,
          -0.046407796,
          0.5326507,
          0.84506196,
          0,
          -0.12002449,
          1.3775945,
          2.1855836,
          1
        ]
      }
    ]
  },
  "sceneViewportBackgroundColors" : {

  },
  "selectedSceneRelativePath" : "Cube.usda"
}