{
  "advancedEditorSelectedIdentifier" : "ProjectBrowser",
  "openSceneRelativePaths" : [
    "Immersive.usda",
    "Cone.usda",
    "Metronome.usda"
  ],
  "recentIdentifiers" : {
    "0AC7CD27-7CF1-4174-B569-2761D533919C" : [

    ],
    "9DD882B9-1E14-40B7-B211-1817915B6D9C" : [

    ],
    "C0143BA5-B120-474A-BA83-261E2A591D98" : [

    ],
    "C408AFB0-263B-4005-BDC4-0F05B84C5976" : [

    ],
    "C6A7F375-BFE9-46E0-9EA6-1A6B150F43FD" : [

    ],
    "CFFCEAE4-04C4-4596-AEB3-06134696E6B0" : [

    ]
  },
  "sceneCameraHistory" : {
    "0AC7CD27-7CF1-4174-B569-2761D533919C" : [
      {
        "date" : 781092519.403698,
        "title" : "Untitled",
        "transform" : [
          0.7708867,
          2.6869559e-08,
          -0.63697225,
          0,
          -0.28681436,
          0.8928886,
          -0.3471132,
          0,
          0.5687451,
          0.45027763,
          0.6883162,
          0,
          0.7467405,
          0.40708283,
          0.56898355,
          1
        ]
      },
      {
        "date" : 781092513.476782,
        "title" : "Untitled",
        "transform" : [
          0.7708867,
          2.6869559e-08,
          -0.63697225,
          0,
          -0.28681436,
          0.8928886,
          -0.3471132,
          0,
          0.5687451,
          0.45027763,
          0.6883162,
          0,
          0.8345047,
          0.30100206,
          0.56586057,
          1
        ]
      },
      {
        "date" : 781092510.553711,
        "title" : "Untitled",
        "transform" : [
          0.7708867,
          2.6869559e-08,
          -0.63697225,
          0,
          -0.28681436,
          0.8928886,
          -0.3471132,
          0,
          0.5687451,
          0.45027763,
          0.6883162,
          0,
          0.91506493,
          0.29279795,
          0.5046618,
          1
        ]
      },
      {
        "date" : 781092501.103757,
        "title" : "Untitled",
        "transform" : [
          -0.36441657,
          3.003201e-08,
          0.9312361,
          0,
          0.5669478,
          0.79331446,
          0.22186129,
          0,
          -0.7387631,
          0.60881203,
          -0.28909722,
          0,
          -0.75815195,
          0.544152,
          -0.37449256,
          1
        ]
      },
      {
        "date" : 781092498.955124,
        "title" : "Untitled",
        "transform" : [
          -0.20075966,
          3.0887335e-08,
          0.97964054,
          0,
          0.5640178,
          0.81763315,
          0.11558532,
          0,
          -0.80098665,
          0.5757394,
          -0.16414803,
          0,
          -0.8317,
          0.50848687,
          -0.24165541,
          1
        ]
      },
      {
        "date" : 781092490.579502,
        "title" : "Untitled",
        "transform" : [
          0.0044275727,
          3.1717352e-08,
          0.9999903,
          0,
          0.6933662,
          0.72057885,
          -0.0030699123,
          0,
          -0.7205719,
          0.69337296,
          0.0031902066,
          0,
          -0.82279944,
          0.6377348,
          -0.06567517,
          1
        ]
      },
      {
        "date" : 781092479.854657,
        "title" : "Untitled",
        "transform" : [
          0.57767576,
          3.1697667e-08,
          0.8162664,
          0,
          0.36407918,
          0.8950181,
          -0.25766057,
          0,
          -0.7305733,
          0.44602978,
          0.51703006,
          0,
          -0.5990188,
          0.3658467,
          0.42391074,
          1
        ]
      },
      {
        "date" : 781092476.436589,
        "title" : "Untitled",
        "transform" : [
          0.26314047,
          3.232944e-08,
          -0.9647575,
          0,
          -0.48212427,
          0.8661777,
          -0.1315008,
          0,
          0.8356514,
          0.49973616,
          0.22792648,
          0,
          0.685154,
          0.40988126,
          0.18689276,
          1
        ]
      },
      {
        "date" : 781092461.120957,
        "title" : "Untitled",
        "transform" : [
          0.26314047,
          3.232944e-08,
          -0.9647575,
          0,
          -0.48212427,
          0.8661777,
          -0.1315008,
          0,
          0.8356514,
          0.49973616,
          0.22792648,
          0,
          0.39340457,
          0.23534732,
          0.10731086,
          1
        ]
      },
      {
        "date" : 781092445.909105,
        "title" : "Untitled",
        "transform" : [
          0.1299516,
          3.2329442e-08,
          -0.9915204,
          0,
          -0.4954986,
          0.8661777,
          -0.06494149,
          0,
          0.8588327,
          0.49973616,
          0.11256124,
          0,
          0.43211764,
          0.25155008,
          0.05664574,
          1
        ]
      }
    ],
    "0F3018F0-6514-4433-8EB8-9F7AA9C188DB" : [
      {
        "date" : 781194945.677776,
        "title" : "Untitled",
        "transform" : [
          1,
          0,
          0,
          0,
          0,
          0.7071069,
          -0.70710677,
          0,
          0,
          0.70710677,
          0.7071069,
          0,
          0,
          0.3742306,
          0.37423062,
          1
        ]
      }
    ],
    "9DD882B9-1E14-40B7-B211-1817915B6D9C" : [
      {
        "date" : 781009074.147333,
        "title" : "Untitled",
        "transform" : [
          1,
          0,
          0,
          0,
          0,
          0.7071069,
          -0.70710677,
          0,
          0,
          0.70710677,
          0.7071069,
          0,
          -0.11887568,
          1.3804762,
          2.2771046,
          1
        ]
      }
    ],
    "C0143BA5-B120-474A-BA83-261E2A591D98" : [
      {
        "date" : 781019681.871308,
        "title" : "Untitled",
        "transform" : [
          1,
          0,
          0,
          0,
          0,
          0.7071069,
          -0.7071067,
          0,
          0,
          0.7071067,
          0.7071069,
          0,
          0.0501315,
          2.266619,
          1.6617159,
          1
        ]
      },
      {
        "date" : 781019458.805456,
        "title" : "Untitled",
        "transform" : [
          1,
          0,
          0,
          0,
          0,
          0.7071069,
          -0.7071067,
          0,
          0,
          0.7071067,
          0.7071069,
          0,
          -0.10214085,
          2.096568,
          1.831766,
          1
        ]
      },
      {
        "date" : 781017657.296111,
        "title" : "Untitled",
        "transform" : [
          1,
          0,
          -0,
          0,
          -0,
          0.7071069,
          -0.7071067,
          0,
          0,
          0.7071067,
          0.7071069,
          0,
          1.2697505e-09,
          0.13670471,
          0.13670476,
          1
        ]
      },
      {
        "date" : 781017645.412667,
        "title" : "Untitled",
        "transform" : [
          1,
          0,
          -0,
          0,
          -0,
          0.7071069,
          -0.7071067,
          0,
          0,
          0.7071067,
          0.7071069,
          0,
          5.9604645e-08,
          0.13670456,
          0.13670468,
          1
        ]
      }
    ],
    "C6A7F375-BFE9-46E0-9EA6-1A6B150F43FD" : [
      {
        "date" : 781025151.823145,
        "title" : "Untitled",
        "transform" : [
          0.83983344,
          2.1798705e-08,
          0.54284406,
          0,
          0.09692093,
          0.98393214,
          -0.14994633,
          0,
          -0.5341217,
          0.17854291,
          0.8263391,
          0,
          -0.4182824,
          0.36890838,
          0.54697275,
          1
        ]
      },
      {
        "date" : 781025145.606709,
        "title" : "Untitled",
        "transform" : [
          0.83983344,
          2.1798705e-08,
          0.54284406,
          0,
          0.09692093,
          0.98393214,
          -0.14994633,
          0,
          -0.5341217,
          0.17854291,
          0.8263391,
          0,
          -31.340517,
          27.641088,
          40.982864,
          1
        ]
      },
      {
        "date" : 781025111.840219,
        "title" : "Untitled",
        "transform" : [
          0.83983344,
          2.1798705e-08,
          0.54284406,
          0,
          0.09692093,
          0.98393214,
          -0.14994633,
          0,
          -0.5341217,
          0.17854291,
          0.8263391,
          0,
          -56.38141,
          23.658787,
          86.6648,
          1
        ]
      },
      {
        "date" : 781019337.984471,
        "title" : "Untitled",
        "transform" : [
          0.9350299,
          1.6199866e-08,
          0.35456884,
          0,
          0.17717466,
          0.866204,
          -0.46722555,
          0,
          -0.30712897,
          0.49969047,
          0.8099266,
          0,
          -31.742785,
          57.6442,
          83.7074,
          1
        ]
      },
      {
        "date" : 781019336.071086,
        "title" : "Untitled",
        "transform" : [
          0.93502986,
          3.421119e-08,
          0.35456887,
          0,
          0.1599539,
          0.89246213,
          -0.42181286,
          0,
          -0.3164393,
          0.4511223,
          0.8344787,
          0,
          -0.6456778,
          1.1217015,
          1.9707794,
          1
        ]
      },
      {
        "date" : 781019282.903273,
        "title" : "Untitled",
        "transform" : [
          0.93502986,
          3.421119e-08,
          0.35456887,
          0,
          0.1599539,
          0.89246213,
          -0.42181286,
          0,
          -0.3164393,
          0.4511223,
          0.8344787,
          0,
          -1.7555242,
          2.7634022,
          0.6624098,
          1
        ]
      },
      {
        "date" : 781019276.037303,
        "title" : "Untitled",
        "transform" : [
          0.93502986,
          3.421119e-08,
          0.35456887,
          0,
          0.1599539,
          0.89246213,
          -0.42181286,
          0,
          -0.3164393,
          0.4511223,
          0.8344787,
          0,
          -1.0701581,
          2.1451569,
          1.2565303,
          1
        ]
      },
      {
        "date" : 781019253.885908,
        "title" : "Untitled",
        "transform" : [
          0.93502986,
          3.421119e-08,
          0.35456887,
          0,
          0.1599539,
          0.89246213,
          -0.42181286,
          0,
          -0.3164393,
          0.4511223,
          0.8344787,
          0,
          -1.5672445,
          1.4045465,
          1.4684088,
          1
        ]
      },
      {
        "date" : 781019245.553813,
        "title" : "Untitled",
        "transform" : [
          0.9742971,
          3.423917e-08,
          0.22526686,
          0,
          0.11262906,
          0.86603653,
          -0.48712978,
          0,
          -0.19508936,
          0.49998072,
          0.8437768,
          0,
          -2.6247747,
          1.3652924,
          0.6017877,
          1
        ]
      },
      {
        "date" : 781019242.004607,
        "title" : "Untitled",
        "transform" : [
          0.9742971,
          3.423917e-08,
          0.22526686,
          0,
          0.11262906,
          0.86603653,
          -0.48712978,
          0,
          -0.19508936,
          0.49998072,
          0.8437768,
          0,
          -1.8630452,
          1.3185252,
          0.8056181,
          1
        ]
      }
    ]
  },
  "sceneViewportBackgroundColors" : {

  },
  "selectedSceneRelativePath" : "Metronome.usda"
}