{
  "advancedEditorSelectedIdentifier" : "ProjectBrowser",
  "openSceneRelativePaths" : [
    "Immersive.usda",
    "Cone.usda"
  ],
  "recentIdentifiers" : {
    "0AC7CD27-7CF1-4174-B569-2761D533919C" : [

    ],
    "9DD882B9-1E14-40B7-B211-1817915B6D9C" : [

    ],
    "C0143BA5-B120-474A-BA83-261E2A591D98" : [

    ],
    "C408AFB0-263B-4005-BDC4-0F05B84C5976" : [

    ],
    "C6A7F375-BFE9-46E0-9EA6-1A6B150F43FD" : [

    ],
    "CFFCEAE4-04C4-4596-AEB3-06134696E6B0" : [

    ]
  },
  "sceneCameraHistory" : {
    "9DD882B9-1E14-40B7-B211-1817915B6D9C" : [
      {
        "date" : 781009074.147333,
        "title" : "Untitled",
        "transform" : [
          1,
          0,
          0,
          0,
          0,
          0.7071069,
          -0.70710677,
          0,
          0,
          0.70710677,
          0.7071069,
          0,
          -0.11887568,
          1.3804762,
          2.2771046,
          1
        ]
      }
    ],
    "C0143BA5-B120-474A-BA83-261E2A591D98" : [
      {
        "date" : 781019681.871308,
        "title" : "Untitled",
        "transform" : [
          1,
          0,
          0,
          0,
          0,
          0.7071069,
          -0.7071067,
          0,
          0,
          0.7071067,
          0.7071069,
          0,
          0.0501315,
          2.266619,
          1.6617159,
          1
        ]
      },
      {
        "date" : 781019458.805456,
        "title" : "Untitled",
        "transform" : [
          1,
          0,
          0,
          0,
          0,
          0.7071069,
          -0.7071067,
          0,
          0,
          0.7071067,
          0.7071069,
          0,
          -0.10214085,
          2.096568,
          1.831766,
          1
        ]
      },
      {
        "date" : 781017657.296111,
        "title" : "Untitled",
        "transform" : [
          1,
          0,
          -0,
          0,
          -0,
          0.7071069,
          -0.7071067,
          0,
          0,
          0.7071067,
          0.7071069,
          0,
          1.2697505e-09,
          0.13670471,
          0.13670476,
          1
        ]
      },
      {
        "date" : 781017645.412667,
        "title" : "Untitled",
        "transform" : [
          1,
          0,
          -0,
          0,
          -0,
          0.7071069,
          -0.7071067,
          0,
          0,
          0.7071067,
          0.7071069,
          0,
          5.9604645e-08,
          0.13670456,
          0.13670468,
          1
        ]
      }
    ],
    "C6A7F375-BFE9-46E0-9EA6-1A6B150F43FD" : [
      {
        "date" : 781019337.984471,
        "title" : "Untitled",
        "transform" : [
          0.9350299,
          1.6199866e-08,
          0.35456884,
          0,
          0.17717466,
          0.866204,
          -0.46722555,
          0,
          -0.30712897,
          0.49969047,
          0.8099266,
          0,
          -31.742785,
          57.6442,
          83.7074,
          1
        ]
      },
      {
        "date" : 781019336.071086,
        "title" : "Untitled",
        "transform" : [
          0.93502986,
          3.421119e-08,
          0.35456887,
          0,
          0.1599539,
          0.89246213,
          -0.42181286,
          0,
          -0.3164393,
          0.4511223,
          0.8344787,
          0,
          -0.6456778,
          1.1217015,
          1.9707794,
          1
        ]
      },
      {
        "date" : 781019282.903273,
        "title" : "Untitled",
        "transform" : [
          0.93502986,
          3.421119e-08,
          0.35456887,
          0,
          0.1599539,
          0.89246213,
          -0.42181286,
          0,
          -0.3164393,
          0.4511223,
          0.8344787,
          0,
          -1.7555242,
          2.7634022,
          0.6624098,
          1
        ]
      },
      {
        "date" : 781019276.037303,
        "title" : "Untitled",
        "transform" : [
          0.93502986,
          3.421119e-08,
          0.35456887,
          0,
          0.1599539,
          0.89246213,
          -0.42181286,
          0,
          -0.3164393,
          0.4511223,
          0.8344787,
          0,
          -1.0701581,
          2.1451569,
          1.2565303,
          1
        ]
      },
      {
        "date" : 781019253.885908,
        "title" : "Untitled",
        "transform" : [
          0.93502986,
          3.421119e-08,
          0.35456887,
          0,
          0.1599539,
          0.89246213,
          -0.42181286,
          0,
          -0.3164393,
          0.4511223,
          0.8344787,
          0,
          -1.5672445,
          1.4045465,
          1.4684088,
          1
        ]
      },
      {
        "date" : 781019245.553813,
        "title" : "Untitled",
        "transform" : [
          0.9742971,
          3.423917e-08,
          0.22526686,
          0,
          0.11262906,
          0.86603653,
          -0.48712978,
          0,
          -0.19508936,
          0.49998072,
          0.8437768,
          0,
          -2.6247747,
          1.3652924,
          0.6017877,
          1
        ]
      },
      {
        "date" : 781019242.004607,
        "title" : "Untitled",
        "transform" : [
          0.9742971,
          3.423917e-08,
          0.22526686,
          0,
          0.11262906,
          0.86603653,
          -0.48712978,
          0,
          -0.19508936,
          0.49998072,
          0.8437768,
          0,
          -1.8630452,
          1.3185252,
          0.8056181,
          1
        ]
      },
      {
        "date" : 781019201.38762,
        "title" : "Untitled",
        "transform" : [
          0.9742971,
          3.423917e-08,
          0.22526686,
          0,
          0.11262906,
          0.86603653,
          -0.48712978,
          0,
          -0.19508936,
          0.49998072,
          0.8437768,
          0,
          -0.2169621,
          1.3715665,
          1.2805074,
          1
        ]
      },
      {
        "date" : 781019131.185906,
        "title" : "Untitled",
        "transform" : [
          0.9742971,
          3.423917e-08,
          0.22526686,
          0,
          0.11262906,
          0.86603653,
          -0.48712978,
          0,
          -0.19508936,
          0.49998072,
          0.8437768,
          0,
          -0.29089954,
          1.3427668,
          1.2804779,
          1
        ]
      },
      {
        "date" : 781018743.94273,
        "title" : "Untitled",
        "transform" : [
          0.9742971,
          3.423917e-08,
          0.22526686,
          0,
          0.11262906,
          0.86603653,
          -0.48712978,
          0,
          -0.19508936,
          0.49998072,
          0.8437768,
          0,
          -3.3928576,
          9.292613,
          14.696648,
          1
        ]
      }
    ]
  },
  "sceneViewportBackgroundColors" : {

  },
  "selectedSceneRelativePath" : "Immersive.usda"
}