{
  "advancedEditorSelectedIdentifier" : "ProjectBrowser",
  "openSceneRelativePaths" : [
    "Immersive.usda"
  ],
  "recentIdentifiers" : {
    "C6A7F375-BFE9-46E0-9EA6-1A6B150F43FD" : [

    ]
  },
  "sceneCameraHistory" : {
    "C6A7F375-BFE9-46E0-9EA6-1A6B150F43FD" : [
      {
        "date" : 781003629.82454,
        "title" : "Untitled",
        "transform" : [
          -0.96675247,
          -4.124137e-09,
          0.25571376,
          0,
          0.038278356,
          0.9887326,
          0.14471528,
          0,
          -0.25283256,
          0.14969212,
          -0.95585984,
          0,
          -2.1812468,
          3.5239434,
          -3.734819,
          1
        ]
      },
      {
        "date" : 781003628.185741,
        "title" : "Untitled",
        "transform" : [
          -0.96675247,
          -4.124137e-09,
          0.25571376,
          0,
          0.038278356,
          0.9887326,
          0.14471528,
          0,
          -0.25283256,
          0.14969212,
          -0.95585984,
          0,
          -0.9841081,
          3.1194613,
          -4.1148157,
          1
        ]
      },
      {
        "date" : 781003153.410096,
        "title" : "Untitled",
        "transform" : [
          0.047290146,
          -4.271966e-09,
          0.99888116,
          0,
          0.11867655,
          0.992917,
          -0.0056185247,
          0,
          -0.9918062,
          0.118809424,
          0.046955194,
          0,
          -4.2539864,
          2.9878109,
          0.072379634,
          1
        ]
      },
      {
        "date" : 781003151.394124,
        "title" : "Untitled",
        "transform" : [
          0.047290146,
          -3.942486e-09,
          0.99888116,
          0,
          -0.09685452,
          0.99528795,
          0.0045853877,
          0,
          -0.9941744,
          -0.096963055,
          0.047067314,
          0,
          -4.7953334,
          2.0059464,
          0.098008715,
          1
        ]
      },
      {
        "date" : 781003131.879864,
        "title" : "Untitled",
        "transform" : [
          0.4486334,
          -3.946269e-09,
          0.89371586,
          0,
          -0.35870472,
          0.91591895,
          0.18006496,
          0,
          -0.81857127,
          -0.40136328,
          0.41091183,
          0,
          -4.687747,
          0.41719332,
          2.2089872,
          1
        ]
      },
      {
        "date" : 781002816.598665,
        "title" : "Untitled",
        "transform" : [
          0.44524878,
          -2.3792348e-09,
          0.8954069,
          0,
          0.18506828,
          0.97840726,
          -0.09202679,
          0,
          -0.8760726,
          0.20668618,
          0.43563464,
          0,
          -3.6120842,
          3.3543532,
          1.6522133,
          1
        ]
      },
      {
        "date" : 781002805.915425,
        "title" : "Untitled",
        "transform" : [
          0.44524878,
          -2.3792348e-09,
          0.8954069,
          0,
          0.18506828,
          0.97840726,
          -0.09202679,
          0,
          -0.8760726,
          0.20668618,
          0.43563464,
          0,
          -3.1435251,
          3.0249999,
          2.7507582,
          1
        ]
      },
      {
        "date" : 780916992.340129,
        "title" : "Untitled",
        "transform" : [
          0.44524878,
          -2.3792348e-09,
          0.8954069,
          0,
          0.18506828,
          0.97840726,
          -0.09202679,
          0,
          -0.8760726,
          0.20668618,
          0.43563464,
          0,
          -3.789344,
          2.0866606,
          1.8971926,
          1
        ]
      },
      {
        "date" : 780916973.157504,
        "title" : "Untitled",
        "transform" : [
          0.99999815,
          -2.1523967e-09,
          0.001942879,
          0,
          0.0004299442,
          0.9752072,
          -0.22129342,
          0,
          -0.0018947033,
          0.22129379,
          0.9752053,
          0,
          0.0033866276,
          2.1497965,
          4.206065,
          1
        ]
      },
      {
        "date" : 780916968.738692,
        "title" : "Untitled",
        "transform" : [
          0.9993225,
          -2.1186901e-09,
          -0.03680453,
          0,
          -0.018406343,
          0.86596143,
          -0.49977186,
          0,
          0.03187131,
          0.5001107,
          0.86537474,
          0,
          -0.12362462,
          2.4701197,
          -0.8199568,
          1
        ]
      }
    ]
  },
  "sceneViewportBackgroundColors" : {

  },
  "selectedSceneRelativePath" : "Immersive.usda"
}